
 * Waiting in queue... 
 * Loading list of packages.... 
The following packages have to be installed:
 sqlite-3.50.2-2.fc43.x86_64	Library that implements an embeddable SQL database engine

 * Waiting in queue... 
 * Waiting for authentication... 
 * Waiting in queue... 
 * Downloading packages... 
 * Requesting data... 
 * Testing changes... 
 * Installing packages... 
[[-0.999782831908344, 0.009756274010385368, 0.01841478044304043], [0.009989040261390515, 0.9998708368796917, 0.012590815389031562], [-0.018289562487589048, 0.012772027048931336, -0.9997511526520354]]|[-831.746155, -2232.22974, 105.300018]
[[-0.9994937608753977, 0.02015025724293494, 0.024620907867047064], [0.02789014017172567, 0.9272943525214413, 0.3732925446121889], [-0.01530888801825809, 0.37379024989275084, -0.9273869133391738]]|[-747.649, -1854.68665, -114.612183]
[[-0.9997828186086691, -0.0038357334478804957, 0.020484207668874696], [-0.015588107321822012, 0.7900201869261313, -0.6128826275554918], [-0.013832083177458597, -0.6130688308812619, -0.7899084010673988]]|[-831.746033, -3152.44531, -98.4453]
[[-0.8869984155565594, 0.02150087610100096, -0.4612716370285981], [0.04961940522361352, 0.9975696004528974, -0.04891632526571837], [0.45909881880201797, -0.06627672728142306, -0.8859095156930282]]|[-206.287476, -2276.98462, -83.3255692]
[[-0.958467556187574, 0.009756197785151069, 0.2850346651560062], [0.014542153467808879, 0.999786501329742, 0.014679152950776098], [-0.2848305979145117, 0.01821450969997814, -0.9584048007642965]]|[-1560.46069, -2232.22974, -191.956421]
[[-0.5576526184344867, -0.8300744165757967, 0.00014177274559876163], [-0.7400664986728636, 0.49710699796689467, -0.4529748449024848], [0.375932353881984, -0.2527075296042686, -0.8915232861715158]]|[-1349.75439, -2692.02539, -24.7883549]
[[-0.4948563497786218, -0.6667560028133047, 0.5572733851496976], [-0.8359441356757612, 0.5403973367036681, -0.09575030293888034], [-0.23730696389504308, -0.513232063686601, -0.8247898239496592]]|[-1153.98083, -1732.81458, -32.8700218]
[[-0.6741753468726845, -0.7379188604613669, -0.031037993564237032], [-0.6733552962021221, 0.5968365023740514, 0.43632423094582073], [-0.30344727177163466, 0.31505863709682236, -0.8992540288734019]]|[55.3819427, -1917.198, -239.021484]
[[-0.5562089716269776, -0.6586632699461692, -0.5067487313309029], [-0.7879216067693109, 0.6118322460982051, 0.06957617566734106], [0.2642179431222023, 0.43797716773622464, -0.8592816063864206]]|[28.9102058, -2780.64185, -87.0885239]
[[0.08259408161674701, -0.9965243014029144, 0.010841328116051631], [-0.9963759680266426, -0.08279388944079653, -0.019496210150591865], [0.02032604292175474, -0.009191767223930166, -0.9997511507342435]]|[-414.588287, -2513.35205, -28.4794083]

